4595437
4726149
4710984
4595452
4685601
4686421
4582000
4575033
4580044
4676986
4650424
4583059
4701236
4687230
4599635
4598136
4650836
4635079
4606370
4705898
4595413
4585870
4688664
4688609
4685653
4667962
4686630
4687439
4709556
4685553
4571664
4643309
4688637
4687262
4686528
4650632
4688583
4709734
4591235
4672770
4591222
4704332
4673803
4687329
4656839
4635076
4688692
4687305
4622531
4685303
4634963
4723019
4663315
4594665
4692447
4606342
4571666
4635877
4622547
4585838
4635557
4620381
4582281
4685246
4586901
4659655
4600254
4668374
4700002
4663217
4663707
4705384
4570749
4720553
4627825
4720525
4586309
4696895
4595421
4721256
4692791
4634480
4570834
4710656
4692787
4705345
4593393
4595432
4696901
4720562
4581947
4711620
4595425
4705370
4602647
4571280
4721120
4595417
4659757
4656635
4589782
4589801
4656629
4635053
4585565
4659711
4579406
4587548
4672229
4608597
4585454
4704225
4586321
4699989
4659805
4675819
4680841
4674923
4659618
4587310
4656618
4658541
4613158
4649358
4581570
4578989
4589824
4589956
4658620
4657167
4679546
4658636
4570753
4634915
4692978
4570781
4571534
4573764
4680971
4657619
4595440
4668362
4604665
4585469
4635040
4659782
4574463
4650316
4654796
4692572
4663702
4570773
4609761
4707165
4658498
4625584
4584243
4655330
4635892
4574800
4665334
4635583
4660160
4687284
4598722
4599382
4583324
4651006
4709628
4663196
4688647
4668557
4583158
4584270
4584326
4588060
4595450
4710181
4674650
4583083
4686576
4646400
4717184
4669009
4720987
4645321
4692778
4584240
4584266
4575821
4592126
4590392
4587489
4692803
4700653
4580265
4694388
4590465
4671596
4591821
4656446
4627025
4582568
4584318
4577091
4590381
4586824
4688148
4686967
4571405
4678621
4627067
4654938
4709456
4594707
4658308
4658310
4595405
4571103
4582882
4577179
4590344
4590580
4587338
4587353
4590132
4692216
4625669
4658075
4658066
4686451
4579401
4579416
4579418
4579422
4579427
4579429
4579432
4579435
4579656
4582159
4589783
4589805
4587530
4587537
4587541
4587545
4587555
4586341
4585907
4585914
4585530
4585812
4585818
4585852
4585466
4674867
4686493
4595403
4595409
4587497
4585569
4585795
4678381
4585842
4577649
4577668
4577678
4592453
4587466
4709524
4698314
4581950
4701047
4579654
4589780
4589798
4587553
4585526
4581092
4656468
4581098
4585563
4585571
4639355
4718023
4657928
4688621
4647058
4707786
4601857
4580278
4575274
4691557
4587520
4658487
4581095
4606451
4720708
4720711
4720718
4720722
4720724
4720759
4720764
4720772
4720784
4712151
4712155
4720703
4645486
4571459
4644327
4720760
4720789
4578925
4576572
4590633
4587369
4675798
4685629
4685257
4571510
4571451
4686555
4591415
4658002
4685288
4720776
4709827
4712170
4707649
4583288
4694487
4700987
4649090
4678662
4582220
4670369
4715039
4572038
4578946
4577101
4575752
4575838
4578365
4578378
4587165
4585560
4720962
4721552
4690825
4707206
4707584
4709693
4711032
4689435
4690590
4675875
4666973
4674545
4613276
4658417
4657299
4682291
4718714
4590074
4694826
4693797
4726990
4590765
4588100
4597832
4608894
4589254
4643436
4594782
4578909
4578952
4583170
4575866
4720806
4669441
4693073
4713443
4690374
4667015
4704906
4680434
4689491
4587454
4634247
4686245
4727574
4675017
4657612
4685662
4588919
4725333
4686668
4593267
4712834
4712851
4713693
4713694
4713697
4713721
4713723
4713740
4716727
4610764
4596124
4705512
4688156
4590094
4706770
4595454
4676151
4608806
4661577
4717068
4695475
4578935
4582217
4720785
4685614
4689673
4667638
4674515
4676997
4704891
4625622
4596307
4710372
4676991
4582223
4589249
4658115
4582822
4720867
4596120
4591534
4587470
4574400
4573809
4668151
4669861
4708451
4712075
4689756
4674613
4674899
4676989
4571665
4582026
4649517
4582646
4654194
4668571
4658572
4585521
4685253
4620728
4672664
4575079
4595347
4706414
4674945
4718648
4594545
4578401
4571435
4720366
4692488
4708432
4708982
4679903
4653559
4675018
4667318
4674844
4585740
4698811
4712258
4615206
4674384
4613157
4617442
4656667
4641677
4651469
4602053
4582578
4583846
4588047
4615209
4579649
4580976
4574972
4658299
4690770
4684906
4686361
4687245
4688594
4675093
4675135
4719540
4626244
4632130
4600043
4669771
4706427
4708472
4691514
4667846
4692330
4672772
4576460
4649138
4708424
4615184
4673207
4697830
4666939
4583747
4654216
4669460
4705703
4707205
4679802
4686206
4689327
4618060
4624498
4625356
4627503
4674599
4674849
4675524
4694971
4698767
4713708
4703449
4667635
4660084
4655534
4710347
4723507
4724944
4644016
4660906
4582759
4591234
4713561
4680482
4685587
4665944
4637571
4610709
4583609
4596472
4682668
4707070
4708406
4678966
4683163
4674445
4582636
4582448
4698597
4702830
4702841
4703275
4703312
4703337
4596537
4636779
4640108
4694289
4702908
4702917
4702954
4703195
4685882
4685550
4688452
4601446
4665956
4665966
4674641
4590412
4610796
4571532
4654821
4708720
4655249
4657166
4650465
4678394
4668918
4660991
4582471
4575153
4702805
4702822
4702898
4703214
4703235
4707706
4702883
4708266
4716696
4685563
4674921
4603857
4571611
4623156
4582176
4578411
4578417
4702846
4702874
4702893
4703254
4703287
4707703
4636703
4636721
4702865
4702940
4702960
4707935
4707947
4707795
4684274
4665983
4608607
4619180
4632998
4650112
4570723
4579158
4579159
4585736
4654832
4715903
4687453
4657964
4661640
4661554
4590731
4703541
4683697
4712809
4691358
4596053
4689470
4657375
4639250
4624569
4693233
4607450
4607474
4608564
4578424
4634236
4668317
4670925
4682269
4704043
4704051
4712016
4622528
4696093
4697396
4693385
4575326
4709239
4674449
4656619
4717514
4680256
4677437
4590182
4578426
4598308
4652472
4669824
4685479
4686224
4608167
4627197
4627220
4668795
4590931
4653377
4627018
4693933
4674691
4639358
4644387
4573789
4629900
4586701
4721000
4595718
4674543
4677479
4700772
4594748
4582618
4592109
4712342
4700047
4712330
4595761
4572765
4586338
4643793
4655825
4653144
4669228
4575000
4704899
4601524
4649606
4674864
4682765
4582462
4582470
4712962
4694124
4590210
4704491
4723572
4657249
4688129
4712976
4660748
4662199
4676390
4672769
4586889
4643653
4686151
4608887
4684103
4695913
4666155
4646932
4582423
4577930
4712323
4717223
4598152
4603878
4616926
4633384
4717867
4608342
4653875
4585992
4707010
4685973
4694743
4636203
4665990
4607486
4608304
4675145
4590096
4650947
4599876
4636829
4654021
4682710
4694252
4685929
4685967
4658627
4665987
4684443
4646538
4646961
4655278
4655854
4681916
4714895
4720564
4597004
4654981
4666932
4675773
4685333
4689916
4605622
4601084
4573154
4643473
4692450
4620104
4667632
4689285
4688886
4662413
4646797
4572445
4709908
4634533
4594715
4582190
4587216
4700229
4673780
4692423
4694220
4687188
4690095
4600369
4653923
4658675
4604526
4608954
4627967
4659915
4578403
4706962
4718739
4715894
4724332
4595661
4671816
4575350
4589463
4657666
4659511
4674575
4657051
4618306
4574127
4630544
4708071
4637464
4644578
4645141
4641149
4644516
4693936
4669777
4610860
4688042
4580210
4585375
4721884
4644673
4649077
4653943
4657044
4688138
4697522
4707777
4719280
4720701
4602636
4612161
4624026
4654536
4623043
4624804
4627487
4632805
4667869
4583144
4578978
4638336
4649312
4682460
4658751
4725995
4725659
4708834
4726430
4689476
4663204
4663711
4668396
4615325
4615357
4615371
4649554
4726766
4726733
4592396
4578762
4722045
4638056
4658085
4674829
4692786
4704063
4709682
4688568
4690173
4667586
4667704
4668924
4674490
4677392
4570838
4694734
4599066
4644394
4702916
4689782
4595726
4647523
4608306
4643176
4582660
4596035
4619991
4667630
4598190
4610716
4615352
4657175
4613153
4648748
4610640
4587906
4709994
4572417
4570817
4613154
4577770
4721935
4599929
4627113
4643740
4669851
4694116
4699941
4712904
4689493
4690157
4690196
4726775
4661927
4668191
4674503
4703457
4606390
4590448
4625654
4622464
4576618
4727174
4615355
4603280
4613152
4673756
4615351
4727173
4613155
4659106
4596443
4700632
4658708
4627953
4608761
4608835
4726398
4570884
4602385
4701822
4659972
4653087
4578849
4580198
4591112
4599726
4636418
4640746
4669110
4697260
4712689
4685772
4688913
4727466
4614949
4653115
4659208
4664068
4608181
4622920
4627207
4667150
4667653
4678195
4606494
4703965
4682598
4715514
4690381
4662281
4658576
4610756
4708831
4726482
4653556
4651184
4615354
4572699
4608546
4649555
4659547
4642440
4600210
4723182
4711007
4576603
4571130
4637024
4725658
4696585
4678463
4704974
4572161
4600750
4622617
4606797
4644659
4645065
4670134
4636201
4650713
4597441
4632638
4598062
4647771
4601304
4680944
4709729
4658316
4708832
4632667
4673779
4585030
4637300
4702922
4600492
4644363
4576420
4591444
4704307
4721662
4669865
4683945
4689119
4708442
4708492
4714622
4615310
4648009
4623007
4633004
4633255
4644805
4643347
4651553
4698286
4702264
4705644
4653562
4699965
4701061
4701093
4596205
4596580
4570890
4591072
4669007
4704386
4646155
4670547
4705875
4647752
4726484
4601663
4702080
4719026
4616888
4625305
4642443
4655691
4597115
4639551
4659756
4659758
4613271
4584817
4615353
4637664
4722083
4584005
4705267
4616877
4653931
4709894
4636997
4601900
4602511
4603675
4584321
4654742
4613156
4654211
4650369
4618974
4623550
4720331
4589246
4590390
4588654
4595436
4697083
4621636
4622053
4685969
4711436
4663748
4677141
4608297
4608343
4712821
4640030
4623551
4600720
4601531
4602144
4642458
4673403
4689681
4590972
4591005
4684319
4692218
4726768
4660065
4668490
4600776
4609537
4611403
4607994
4654889
4688782
4674380
4588581
4590441
4623181
4623184
4623189
4705861
4648701
4632002
4645036
4633800
4619060
4636459
4597006
4705084
4581688
4695420
4622051
4622058
4622076
4632160
4650814
4608640
4632062
4727100
4628033
4599901
4603894
4636115
4688738
4636265
4632758
4705149
4723171
4657266
4660733
4589313
4637029
4648773
4622538
4684982
4590984
4605067
4581527
4579857
4632228
4599122
4638458
4619268
4619485
4624715
4626076
4575935
4611711
4613267
4605712
4612014
4650428
4632651
4601204
4725756
4650490
4572179
4574646
4592215
4644762
4622067
4717240
4578890
4648988
4670377
4661262
4620378
4632035
4677993
4598854
4638440
4702168
4678409
4653231
4604879
4715481
4593533
4608955
4617656
4685351
4669509
4603080
4603719
4622444
4723815
4713673
4605602
4573435
4573437
4589190
4600283
4659847
4589095
4648832
4618030
4619259
4630678
4697434
4648490
4639778
4578634
4696952
4700752
4653498
4636042
4644163
4627592
4703073
4684087
4583155
4575106
4634927
4673426
4599843
4609628
4604654
4608868
4636205
4650754
4675174
4675175
4594352
4647684
4614956
4602739
4602112
4635852
4725667
4696595
4698647
4652179
4634225
4719373
4594046
4696539
4629902
4669508
4709173
4597195
4626186
4634033
4588623
4637596
4676371
4606657
4611837
4618086
4622094
4622100
4622480
4622495
4622511
4622522
4622525
4678371
4601925
4648824
4725379
4648617
4618038
4618178
4663230
4648287
4659546
4680309
4586826
4717197
4600014
4600170
4670891
4706755
4712128
4712273
4683031
4689446
4600444
4664727
4627707
4632969
4672667
4656978
4618699
4578705
4693369
4621459
4688474
4584412
4601400
4726835
4640645
4605401
4642453
4645478
4725176
4570434
4675781
4570830
4649999
4699228
4651721
4584795
4720828
4596446
4633507
4718178
4641651
4644830
4595676
4610754
4608623
4639828
4608845
4570891
4720350
4617552
4715401
4615072
4661070
4646614
4715146
4601512
4626072
4639280
4612922
4626746
4625637
4636221
4646862
4627856
4641281
4663460
4723518
4669533
4669698
4648648
4664615
4678457
4648142
4648152
4650587
4582527
4573519
4592281
4588568
4595379
4644787
4709501
4722815
4653177
4608545
4641712
4621066
4671751
4618407
4627844
4611413
4598464
4689787
4654945
4636949
4638224
4705356
4648284
4660867
4693514
4597025
4578612
4663756
4585296
4627111
4681213
4719385
4628201
4628264
4630643
4646891
4631920
4570662
4721013
4630104
4709992
4679331
4708341
4709165
4683734
4635305
4579582
4661412
4618250
4674397
4684393
4572115
4596736
4641902
4593049
4578966
4574593
4634159
4681238
4699208
4708212
4709053
4685955
4612990
4665592
4665688
4603713
4604598
4618356
4618610
4619525
4620079
4668931
4673561
4677649
4629973
4640375
4705864
4637789
4642359
4646378
4636437
4701770
4708884
4584733
4654481
4605515
4597043
4711841
4652377
4642318
4574565
4582528
4592249
4684526
4595831
4649929
4645631
4598810
4715212
4585995
4588639
4630792
4718666
4720177
4597220
4651201
4626894
4673699
4725668
4727380
4636868
4605042
4622839
4639397
4641509
4704508
4719728
4579101
4702071
4608820
4586003
4659952
4583729
4586010
4618899
4574862
4706535
4721560
4637391
4645278
4689934
4650616
4651844
4579809
4637528
4647798
4648873
4650014
4634740
4634837
4635141
4713574
4690499
4628069
4689877
4584094
4576949
4662561
4593613
4636511
4653295
4653168
4632017
4641750
4676338
4676362
4584047
4647007
4704463
4715999
4600163
4653396
4718378
4684093
4658083
4626021
4649968
4653984
4688236
4709544
4647839
4660793
4677507
4702972
4694197
4651711
4594844
4571836
4646913
4669734
4697285
4707104
4686214
4611730
4613642
4615122
4607505
4624404
4646661
4674727
4677359
4576595
4588594
4673173
4673183
4586387
4688596
4634990
4636691
4624499
4584546
4600076
4630100
4634829
4639978
4672555
4571843
4666068
4585876
4690218
4657211
4630390
4598700
4628374
4647837
4648510
4671776
4578098
4625230
4637871
4652027
4598673
4700813
4715501
4717649
4665860
4616943
4597652
4626386
4634977
4637552
4655119
4665569
4627199
4632095
4660789
4655604
4620138
4625856
4700982
4681316
4614918
4595263
4679511
4672763
4643822
4707443
4582961
4592177
4717074
4641704
4634920
4635416
4652268
4590220
4682174
4711558
4682340
4606156
4579834
4698643
4641154
4640166
4570920
4636367
4637625
4609496
4682687
4646282
4620485
4592659
4620124
4608608
4620133
4620143
4586448
4629896
4638057
4653319
4606677
4619731
4644350
4668477
4666407
4702508
4720499
4634805
4641143
4648859
4653956
4694130
4601492
4626043
4635357
4641322
4641336
4642551
4570994
4582854
4571942
4574604
4640719
4656862
4678718
4678761
4679800
4686240
4611161
4613615
4620661
4635410
4597023
4720132
4618287
4619802
4710431
4673125
4673141
4651171
4663980
4668777
4592064
4701408
4712002
4715418
4717878
4620614
4647341
4608650
4572047
4682780
4624553
4628041
4706677
4606646
4652266
4702036
4702667
4635001
4637061
4656756
4694022
4688726
4690293
4651576
4641319
4672432
4639433
4674597
4626730
4626177
4632224
4639353
4640064
4587756
4608345
4596705
4698606
4650322
4649521
4658970
4632230
4586769
4595836
4722982
4645981
4714843
4719441
4726755
4727446
4620131
4726696
4571342
4570873
4639139
4684071
4608746
4659625
4600406
4592475
4722128
4633414
4638887
4598327
4669153
4705020
4711586
4627686
4668399
4725212
4711463
4627074
4671912
4575937
4634115
4634892
4678107
4678213
4682394
4683937
4693453
4683517
4688850
4688937
4611203
4663048
4607491
4625431
4668035
4717273
4647097
4574849
4634985
4709854
4672956
4726808
4648042
4642052
4574541
4598709
4703829
4679467
4626423
4585544
4694398
4636724
4643368
4609332
4622910
4629972
4694248
4704460
4642877
4576812
4578259
4708380
4630431
4636329
4654846
4670641
4681534
4697681
4701116
4710317
4715092
4608361
4672264
4689047
4662945
4571618
4635380
4671745
4722110
4726574
4667905
4656778
4607543
4582266
4595219
4717072
4647018
4709913
4705641
4596423
4574215
4592474
4694659
4694699
4720547
4701689
4616921
4628209
4668423
4673508
4583807
4645072
4689120
4689180
4709910
4714865
4683320
4683360
4624781
4672978
4719938
4719365
4685158
4662277
4603516
4617923
4641772
4671748
4672606
4656621
4654966
4685447
4627210
4626425
4638507
4608501
4641158
4690152
4586719
4708346
4684254
4726856
4660555
4661003
4640621
4668480
4705583
4573749
4634653
4634659
4634666
4585897
4641700
4719957
4598571
4694256
4715627
4718790
4685586
4690045
4726871
4633187
4673565
4580562
4581711
4627296
4645281
4657604
4701734
4705322
4715836
4716358
4727534
4610734
4658178
4606210
4619741
4675172
4677804
4635095
4685283
4709863
4651348
4614476
4672643
4590834
4611336
4594865
4695639
4649170
4697491
4652163
4669097
4635420
4693078
4696918
4680331
4621077
4634315
4608883
4588605
4595391
4596774
4600212
4644812
4640765
4684713
4726981
4634156
4622503
4572811
4579090
4579278
4721066
4636394
4683889
4698933
4709002
4715936
4660890
4606302
4672269
4673120
4673278
4674524
4578765
4579177
4678439
4684287
4684124
4705365
4650605
4652557
4660621
4608789
4624980
4673024
4675010
4572903
4723761
4645384
4604953
4572759
4574406
4587967
4584960
4693428
4727262
4678377
4722950
4678788
4685344
4658598
4658848
4594171
4592152
4634663
4634665
4634677
4634680
4606750
4699609
4646732
4633620
4617734
4669663
4693904
4709174
4689704
4665959
4634114
4638006
4633374
4620704
4666913
4620136
4660984
4720527
4670775
4670334
4701571
4706638
4678765
4647481
4676143
4601914
4626201
4673087
4673261
4675866
4677429
4677490
4577633
4582637
4721234
4669722
4670715
4705604
4707160
4717415
4686299
4620712
4661135
4664582
4602331
4677296
4590435
4695422
4634674
4637564
4667243
4587587
4699187
4621663
4584317
4653817
4711591
4680827
4653856
4674230
4583109
4725989
4635059
4640337
4670650
4715618
4717615
4718396
4724462
4597188
4647468
4658507
4619399
4619870
4642291
4656065
4621203
4583117
4696591
4696014
4706712
4636109
4640491
4717532
4717916
4724062
4680553
4686799
4610646
4635730
4648024
4676144
4607949
4609578
4622641
4639969
4642495
4668425
4672801
4676439
4678404
4632154
4638510
4692303
4674192
4580438
4638111
4660971
4578679
4657600
4683873
4647319
4604419
4726442
4585718
4634647
4634648
4606921
4615231
4623264
4608744
4632007
4580144
4572042
4592649
4696080
4599428
4644554
4718980
4611553
4663145
4607860
4607891
4618102
4623620
4579648
4658961
4578795
4626661
4635165
4717269
4578204
4573430
4595620
4574499
4592464
4720510
4721421
4634396
4700801
4718527
4720503
4690654
4623308
4667821
4672314
4676351
4571118
4708129
4622008
4600257
4654280
4658162
4670267
4670940
4680498
4686656
4662057
4618554
4674355
4674500
4571921
4582146
4571619
4587495
4588128
4695511
4708368
4720370
4636984
4638326
4649703
4678486
4685452
4688241
4693798
4703900
4708430
4723654
4687458
4662320
4601101
4603568
4629333
4633933
4674236
4674339
4594895
4581683
4693962
4677512
4574811
4592143
4706997
4600009
4646983
4658659
4618096
4641691
4669229
4577947
4584942
4726059
4636178
4601371
4629855
4638542
4715244
4645187
4712296
4720531
4684105
4687006
4671474
4701916
4718608
4721037
4721414
4722802
4723784
4653036
4669555
4670928
4718163
4648336
4621623
4639570
4640905
4673605
4677461
4583445
4605137
4578837
4591001
4695465
4722893
4595282
4635422
4646903
4655506
4657846
4669701
4681093
4678493
4693048
4718456
4718139
4718147
4686702
4687249
4611034
4647376
4647522
4663021
4617406
4620092
4622356
4676378
4580229
4635650
4697772
4725451
4725458
4692634
4725831
4601584
4677101
4667174
4668781
4671981
4672175
4677442
4634370
4643853
4714569
4612196
4621516
4639491
4583679
4621075
4633294
4581987
4577334
4574242
4634174
4634640
4611906
4615234
4647654
4608599
4633653
4641746
4585169
4585414
4658784
4603199
4652395
4598688
4618940
4581813
4721787
4707533
4717330
4620129
4624826
4640083
4577629
4572111
4576548
4590945
4704281
4716916
4721161
4636349
4636781
4699301
4710968
4714434
4716019
4720137
4690094
4690530
4691164
4600447
4611873
4650672
4656850
4660597
4604539
4605832
4606332
4623019
4624483
4627479
4635465
4642987
4660185
4678420
4582282
4634689
4684242
4685132
4689686
4606817
4624029
4632844
4575365
4578491
4671750
4592240
4626691
4634643
4646929
4611821
4641662
4642985
4570687
4640753
4640557
4659583
4713063
4643558
4664153
4665306
4607182
4601164
4604604
4640062
4643066
4652614
4586347
4624438
4577717
4577217
4586746
4585394
4696628
4723693
4599605
4599682
4599740
4645783
4648950
4680663
4684063
4716822
4723611
4724715
4595630
4612916
4651949
4619678
4620250
4622567
4624720
4571346
4647990
4576715
4645131
4670416
4681818
4692510
4697253
4715883
4716356
4722736
4608478
4646515
4607300
4618575
4632740
4632066
4671414
4671746
4575373
4572132
4572282
4581870
4630123
4637599
4689785
4615232
4626678
4695661
4708871
4641129
4709102
4606654
4662118
4631730
4694320
4665827
4625709
4639964
4661565
4671647
4672280
4576431
4577180
4720942
4635992
4636808
4655612
4669867
4688748
4700912
4709031
4712178
4656872
4608026
4617763
4624489
4624497
4646410
4667613
4594439
4582278
4573923
4574251
4698667
4635772
4636891
4615069
4624011
4652427
4658359
4606452
4639506
4671983
4582261
4582906
4637073
4652799
4701320
4711426
4685860
4686582
4627139
4621125
4578828
4590788
4694280
4685467
4582338
4577333
4571954
4695550
4696684
4697042
4720976
4722945
4643923
4644515
4656760
4657798
4669971
4702295
4707412
4711034
4686660
4691356
4717242
4664874
4618849
4619592
4637437
4640947
4671917
4675634
4582558
4571974
4582855
4574495
4654190
4692969
4610685
4658410
4663919
4616880
4626934
4668663
4719433
4671753
4579441
4645953
4660110
4599702
4636175
4640258
4606645
4608528
4657354
4659886
4691387
4634770
4659837
4577821
4582656
4590714
4586264
4702081
4715996
4644183
4655121
4669597
4697064
4703655
4706826
4707270
4714197
4680519
4684502
4726553
4597632
4606962
4652619
4666175
4602732
4605229
4605639
4617900
4618634
4620272
4623268
4625689
4628439
4633915
4635496
4642701
4640327
4632080
4572037
4572050
4582865
4573871
4630238
4634329
4650984
4677107
4650614
4650770
4657444
4602451
4628218
4675611
4570790
4643189
4585593
4580150
4578703
4580619
4580932
4577924
4590336
4592502
4696287
4695783
4695879
4721298
4596427
4634084
4638915
4644680
4657574
4679637
4696940
4709496
4712715
4684406
4686415
4686516
4597342
4598096
4651754
4663710
4665182
4600291
4601797
4623350
4625723
4625668
4628042
4633946
4642912
4677153
4653201
4684731
4646478
4603244
4577799
4572823
4572133
4695069
4713142
4684165
4687763
4727381
4621634
4671749
4674422
4698267
4636092
4668401
4652545
4577806
4576327
4572741
4579837
4575295
4591536
4586638
4720057
4720769
4598648
4600173
4630410
4630746
4636127
4638534
4643759
4656644
4682103
4682419
4692538
4700187
4703092
4708994
4710254
4714293
4682883
4684738
4684756
4687728
4692652
4607081
4615270
4650533
4660434
4617843
4619623
4628413
4638535
4645310
4674369
4675606
4678011
4643038
4647721
4649495
4626654
4627077
4665520
4637583
4672799
4585400
4600267
4604554
4684250
4646863
4577813
4570956
4570913
4578873
4580639
4578880
4575053
4578453
4589107
4702022
4704517
4710633
4719612
4720048
4720969
4596700
4599493
4635169
4637461
4638112
4652500
4658303
4669505
4673802
4688986
4697417
4697624
4697736
4699425
4705504
4712453
4713309
4681260
4684518
4685329
4727687
4599372
4606643
4613379
4647847
4655227
4657942
4662542
4663322
4664014
4665022
4665344
4674901
4602226
4605673
4607688
4608731
4624794
4633279
4641587
4641848
4642734
4659642
4659649
4659779
4671511
4676531
4677493
4593881
4578700
4575147
4588329
4721512
4653629
4654603
4718193
4724633
4581694
4585467
4634953
4693044
4723256
4672661
4645322
4664775
4721514
4643723
4657140
4586330
4573070
4630362
4634138
4690627
4606723
4583081
4584723
4578839
4589534
4694750
4707740
4721206
4721469
4596386
4630715
4633519
4640707
4644514
4644546
4644574
4653391
4654963
4655638
4657769
4670168
4681865
4678568
4687543
4688315
4697382
4700829
4706584
4714181
4722778
4724201
4685051
4688722
4689288
4611159
4648292
4652228
4658054
4662486
4605098
4608653
4616966
4622034
4626249
4628337
4667236
4674635
4674874
4676442
4677289
4710261
4654955
4577743
4578279
4592564
4701873
4600011
4656234
4706034
4706312
4679443
4611588
4657643
4660773
4607596
4722137
4627201
4579871
4687776
4611805
4591563
4585531
4699509
4715080
4656586
4709952
4580883
4575548
4573475
4577257
4571648
4592763
4586783
4721891
4599545
4630156
4634781
4636361
4636469
4638013
4638062
4644202
4644650
4647924
4650211
4650252
4653403
4669984
4674981
4679692
4678604
4683837
4683558
4694634
4700941
4701600
4704571
4717475
4718624
4719322
4719379
4720221
4720509
4723652
4683381
4683523
4687375
4687481
4692132
4598055
4648369
4648021
4651295
4652630
4653293
4666085
4666180
4607521
4608734
4622413
4625744
4626048
4641465
4646592
4668570
4672019
4672880
4673052
4673091
4676367
4576385
4582242
4592608
4646529
4682121
4727684
4613097
4671754
4674391
4675518
4619117
4588045
4686102
4630116
4723545
4630231
4630232
4646923
4659532
4627200
4570767
4597760
4647948
4596720
4676392
4699807
4584304
4570832
4575212
4587066
4586624
4695258
4706670
4720337
4721262
4637259
4649989
4654935
4681416
4681902
4704589
4705895
4712070
4680486
4595821
4600445
4600493
4606617
4609744
4609437
4609949
4646263
4658065
4621590
4622828
4624328
4627349
4637429
4659374
4666880
4673014
4674382
4674639
4699545
4668633
4669303
4643382
4711348
4583755
4584228
4576474
4583367
4583486
4693699
4721285
4637563
4651941
4670766
4713260
4715597
4679813
4680548
4687301
4596268
4620715
4651812
4665027
4665838
4606310
4619013
4620401
4620056
4671807
4672975
4674385
4676714
4720855
4701585
4686234
4636689
4657028
4715667
4717222
4708964
4705540
4659516
4702527
4682635
4582286
4630087
4679676
4682518
4683978
4698306
4698359
4705837
4706063
4712462
4719063
4680010
4684536
4693434
4620668
4620682
4620691
4627039
4646156
4647501
4651194
4606322
4625981
4628106
4637276
4668087
4672865
4695310
4595412
4688554
4622056
4721217
4571283
4574145
4589966
4586543
4636892
4652090
4669731
4700794
4704153
4724420
4681542
4688763
4609433
4666333
4666374
4606917
4618914
4621042
4625644
4639587
4641393
4642838
4673032
4678389
4592593
4649833
4687798
4671312
4586868
4636775
4601743
4619925
4585858
4576366
4570874
4575810
4571663
4723382
4634691
4684277
4705136
4708661
4716769
4718566
4723046
4680493
4726047
4620344
4620642
4620769
4648514
4661676
4661102
4665335
4620554
4620360
4624668
4645333
4667622
4668460
4672998
4593182
4662793
4582794
4633756
4641398
4676931
4646032
4592025
4620995
4611688
4584080
4571622
4577150
4589684
4717214
4725983
4679673
4699132
4709278
4716661
4723522
4682749
4691198
4726732
4613072
4620623
4657785
4666408
4607412
4668472
4647534
4603710
4582232
4581523
4578007
4578457
4576552
4573960
4583672
4586845
4665331
4608635
4587630
4721734
4682203
4683598
4701699
4710918
4640660
4686987
4671375
4594784
4583837
4592134
4697100
4703562
4721033
4721656
4669992
4669709
4682630
4695276
4697245
4700596
4685834
4726084
4651628
4651254
4656941
4659515
4660353
4661269
4666025
4671752
4672445
4712993
4644938
4654730
4649208
4620653
4619413
4577575
4584396
4571508
4589083
4585843
4634484
4681459
4700614
4701591
4709852
4713821
4715621
4717737
4727190
4648356
4647656
4647904
4648893
4651792
4660823
4663584
4663653
4666026
4618785
4625755
4642271
4641918
4646713
4667801
4669146
4632870
4583629
4655660
4605849
4602021
4723607
4588707
4694380
4717283
4719670
4657090
4683606
4705249
4692126
4693353
4651334
4662885
4664706
4605690
4617282
4621074
4622040
4668473
4672600
4601396
4576233
4695331
4721727
4648197
4703263
4713748
4687133
4588066
4585661
4702817
4705823
4685267
4662295
4624883
4641395
4716838
4726514
4649750
4576256
4644844
4652543
4655096
4703468
4707883
4694392
4701869
4711514
4619236
4667455
4572360
4570827
4582263
4634551
4690311
4647098
4639114
4639889
4644562
4647900
4721081
4646562
4621985
4621993
4720707
4634887
4709407
4663619
4606699
4637655
4724591
4692176
4695792
4579821
4636336
4637139
4637628
4656362
4703028
4714696
4686512
4690037
4688619
4628189
4632092
4636771
4661886
4624338
4624634
4678781
4692249
4578127
4722445
4630536
4643694
4692858
4701587
4712723
4718138
4679820
4680695
4623614
4672193
4665069
4717982
4636196
4617628
4586382
4579793
4657109
4699764
4710084
4647364
4660992
4663714
4618831
4671380
4573968
4703234
4721562
4628174
4593933
4596946
4640107
4671104
4607022
4626361
4641749
4583803
4609004
4626167
4645555
4590356
4712560
4715790
4687729
4657353
4604844
4673317
4576234
4578818
4720426
4638116
4646855
4626652
4617200
4584506
4601776
4617739
4618197
4630008
4620505
4575518
4655704
4669918
4586453
4620300
4650920
4633647
4702547
4593825
4649941
4622177
4707650
4688222
4584445
4683696
4617213
4716366
4706926
4642659
4582694
4650244
4575566
4646837
4627016
4698644
4635132
4618815
4679515
4667891
4594990
4649921
4686137
