4582619
4705964
4643926
4619249
4570406
4642062
4705983
4651111
4648514
4603349
4716751
4711863
4612906
4596009
4719860
4595707
4624381
4660275
4724950
4722480
4650046
4726785
4668411
4634698
4588079
4626790
4673044
4685872
4637643
4701811
4634176
4673048
4582311
4691964
4603663
4682217
4687256
4700990
4695968
4726889
4640337
4632537
4576467
4640107
4726802
4642871
4630528
4703240
4670787
4645468
4712575
4666121
4634566
4715092
4696714
4657879
4609334
4619989
4629909
4584138
4694133
4645281
4636006
4685869
4726064
4724764
4574592
4708294
4638002
4634525
4660530
4647319
4654007
4702141
4699423
4613634
4661040
4695764
4719659
4635307
4716916
4655153
4683886
4684285
4693753
4698235
4712002
4684227
4621852
4671360
4601152
4719749
4683912
4699431
4714843
4716822
4685519
4654383
4658704
4619612
4676395
4695171
4600012
4714865
4685532
4662829
4676225
4584811
4688508
4690862
4704103
4707235
4693720
4577370
4683899
4662748
4643416
4660805
4713067
4684880
4692829
4598987
4651426
4657004
4673769
4582794
4671052
4674457
4688814
4719531
4654823
4685248
4685811
4620116
4642020
4634862
4684795
4654943
4694916
4696039
4572795
4589186
4672798
4702976
4713519
4685705
4640721
4582111
4689068
4656953
4607948
4663328
4595350
4655150
4690733
4689076
4689079
4689083
4663623
4632594
4590761
4587842
4636288
4672321
4591670
4714459
4699188
4651459
4583632
4660411
4723441
4620264
4664591
4623729
4635693
4647909
4653370
4693054
4575553
4632593
4647900
4693055
4693057
4693965
4652030
4693963
4690024
4708604
4599920
4642659
4576234
4716366
4658855
4625386
4628174
4637382
4695792
