4590728
4719749
4655369
4624429
4571811
4592880
4724667
4605845
4678052
4632030
4632032
4678053
4678060
4638572
4600189
4696372
4632300
4625794
4571506
4700771
4710487
4637329
4696754
4652712
4666235
4681048
4681225
4657589
4721511
4615367
4594891
4681450
4681476
4726695
4689272
4727672
4689088
4675803
4689106
4681163
4689092
4689274
4689107
4689110
4727692
4613527
4689269
4689297
4611177
4689113
4689109
4689065
4660492
4660410
4591883
4689276
4689293
4689074
4578964
4696707
4689108
4649685
4670492
4727687
4689070
4689333
4646547
4689072
4670490
4689079
4660098
4689319
4689320
4694245
4720290
4632955
4578790
4570698
4578845
4697458
4724980
4632923
4689200
4689306
4689085
4689089
4656798
4620968
4662447
4681034
4689101
4645513
4696094
4689308
4636464
4691539
4657924
4602770
4669126
4571014
4630578
4649864
4588537
4634503
4689083
4689087
4689094
4689302
4689325
4595318
4724540
4662318
4689314
4689318
4664081
4666005
4637312
4659879
4689068
4689331
4700638
4673359
4669096
4683517
4689339
4689340
4699622
4711167
4607267
4693796
4705477
4711248
4680116
4681008
4598055
4672175
4689090
4689096
4720278
4711699
4689312
4689323
4689341
4595441
4671143
4717811
4646754
4669077
4727072
4618790
4591852
4712257
4658624
4603183
4689084
4607282
4573415
4699487
4700801
4614487
4645512
4637374
4679813
4710472
4691004
4706580
4651356
4573930
4660853
4622570
4642722
4603663
4588209
4689863
4720209
4689076
4706034
4588204
4647927
4670317
4626972
4664445
4636154
4670100
4694219
4722166
4667938
4578129
4599882
4669107
4711863
4653836
4619237
4638479
4677318
4721148
4682354
4624980
4649861
4570624
4588207
4700222
4670868
4698303
4705980
4709049
4647830
4664314
4669327
4687421
4632954
4646706
4588193
4697135
4698467
4598931
4699084
4706253
4706916
4680159
4611267
4664695
4606300
4577161
4585582
4600303
4637973
4647024
4649268
4706444
4653852
4612896
4577754
4709820
4723586
4573509
4588206
4598967
4669526
4669528
4697261
4701103
4705762
4708890
4606906
4611278
4679816
4603200
4613094
4646802
4574912
4658911
4669540
4670977
4680812
4619354
4631797
4588617
4707677
4687308
4611704
4651580
4618792
4632874
4579081
4578610
4571385
4599572
4638582
4656654
4677104
4704131
4706636
4724683
4680539
4632309
4676418
4670210
4671474
4689073
4578617
4574787
4578212
4577321
4598099
4598286
4606336
4676790
4578881
4574804
4637599
4667868
4668203
4692830
4699367
4718471
4726889
4665119
4622418
4646671
4578285
4596612
4596614
4596626
4699651
4658919
4665749
4669169
4584507
4572267
4578216
4577324
4574207
4571387
4596620
4599579
4683921
4704118
4706517
4584140
4667039
4670545
4716070
4687494
4647469
4664077
4606383
4609550
4709772
4621053
4582062
4574633
4586311
4585707
4694227
4707791
4722255
4604793
4607200
4607264
4639955
4593025
4593344
4576836
4695846
4707316
4717869
4620110
4625260
4667095
4686629
4687297
4686262
4596009
4630528
4593704
4570498
4591064
4670447
4700965
4692302
4657871
4662040
4628306
4584157
4580932
4638226
4648933
4657105
4688513
4692873
4695157
4722147
4684453
4712657
4714859
4651111
4575373
4636491
4706148
4715829
4611270
4663047
4663512
4675179
4648764
4670714
4670195
4634102
4581782
4593914
4570880
4721036
4633610
4655063
4655045
4655398
4673838
4704239
4708660
4708952
4708978
4711760
4711876
4717752
4717486
4599371
4654484
4669032
4675165
4577129
4635001
4644374
4649551
4649710
4670051
4681409
4693647
4679834
4685698
4651853
4601044
4619448
4637583
4685847
4642629
4684656
4657334
4594466
4576499
4590435
4721056
4655031
4655044
4655053
4655054
4655375
4658460
4708514
4711716
4687457
4663129
4643985
4673273
4673292
4673337
4673341
4673343
4673344
4649784
4709326
4722214
4611960
4632706
4668988
4602679
4685830
4579214
4655029
4707470
4628321
4637840
4645653
4673276
4673357
4676939
4720189
4645913
4689154
4651590
4605835
4624538
4645562
4674247
4677911
4578204
4574154
4699439
4706131
4680371
4647426
4624345
4673274
4716023
4719860
4724765
4722140
4664623
4628044
4668697
4570697
4578637
4576823
4572924
4571692
4574611
4591069
4586999
4696083
4725992
4641187
4655030
4670203
4687540
4699503
4715755
4716799
4688589
4650915
4658464
4656521
4674981
4682218
4626296
4668962
4689487
4671912
4606699
4571084
4574117
4591388
4592064
4585622
4695543
4703619
4721446
4600098
4635741
4648864
4654659
4705150
4707918
4708653
4717724
4648643
4652505
4657407
4633629
4642908
4681448
4706103
4714314
4690048
4609949
4647377
4670525
4722165
4674457
4669992
4682373
4632870
4592921
4594636
4575112
4588636
4696153
4715983
4634506
4635750
4644222
4649731
4688274
4699031
4691560
4595630
4648515
4664454
4608825
4619650
4628312
4637709
4673661
4635316
4621243
4660786
4620056
4622998
4719600
4669586
4588945
4588087
4724861
4599752
4645909
4653062
4668166
4697750
4699388
4648405
4651261
4694161
4682915
4646156
4607888
4582161
4717160
4719637
4587991
4593948
4571740
4636995
4637084
4638201
4684040
4699458
4704953
4716409
4685860
4726867
4607082
4613447
4620117
4661094
4664310
4674954
4600605
4620216
4622354
4622438
4632606
4640642
4589966
4704410
4608612
4669420
4642062
4594393
4574957
4573884
4716325
4630728
4635058
4643308
4649881
4655439
4692812
4696916
4701205
4705196
4715426
4723740
4684787
4685682
4685692
4685857
4620101
4661800
4664112
4603797
4640150
4675172
4675290
4696328
4634243
4694970
4699834
4647319
4657655
4672962
4704986
4686403
4718057
4593225
4578921
4575897
4591557
4721298
4638320
4644043
4656488
4699956
4705123
4715652
4611711
4648508
4651754
4664507
4604897
4608079
4635907
4643138
4671712
4591072
4679882
4681566
4687636
4704204
4673424
4701057
4625015
4586421
4582619
4589535
4650953
4693217
4725872
4606641
4613562
4651599
4657500
4602331
4609528
4637224
4642551
4669482
4672098
4716584
4686656
4595707
4584071
4578953
4587996
4695670
4702823
4637007
4652500
4656344
4656756
4688047
4707356
4722792
4725051
4725095
4725157
4725206
4684833
4685880
4685701
4685709
4685810
4690599
4597238
4615051
4646335
4647729
4665556
4602509
4621954
4626095
4633194
4639864
4639969
4669384
4594764
4682170
4685747
4648512
4661575
4658150
4676433
4593264
4582272
4653769
4653934
4654824
4669923
4678197
4680895
4723616
4685889
4685717
4620103
4623172
4625581
4677007
4682637
4712400
4617513
4633270
4724729
4597430
4606198
4583977
4575569
4571648
4636221
4641150
4640720
4644832
4654930
4678452
4706892
4689770
4692132
4648369
4653152
4661201
4663305
4623438
4646592
4672606
4673496
4719975
4669616
4692589
4713569
4723275
4610449
4707235
4632593
4702032
4649343
4725639
4586827
4642871
4570971
4577168
4587242
4716207
4641056
4713199
4684263
4685869
4685975
4663685
4617721
4624565
4627349
4637726
4703350
4584156
4664118
4647534
4702104
4634463
4649795
4651941
4655629
4682243
4699444
4699075
4711017
4717762
4685562
4689652
4727062
4613311
4627331
4651812
4652411
4666096
4607156
4617093
4625595
4632740
4635489
4641640
4671220
4673644
4573484
4678080
4606317
4624309
4583964
4572096
4581605
4576994
4573570
4589244
4703231
4718546
4634820
4636838
4669659
4713197
4725163
4680010
4689548
4690533
4612906
4651561
4658359
4663092
4602168
4607302
4637572
4701790
4626624
4642417
4580150
4643635
4654190
4678570
4706107
4713338
4595779
4595904
4615362
4647537
4652377
4606540
4642838
4668663
4675385
4574592
4724175
4582435
4589765
4716327
4634691
4640141
4654166
4700969
4705483
4712408
4690943
4621177
4658073
4676931
4576497
4574732
4591901
4589186
4702633
4713142
4684020
4695850
4707882
4707626
4715649
4688837
4690067
4692700
4726732
4613397
4657926
4675299
4616869
4619263
4621006
4641353
4677772
4635046
4693130
4718138
4680695
4623643
4611688
4586422
4588703
4637346
4655975
4670119
4682614
4693392
4694082
4707707
4708756
4711577
4720532
4727696
4607021
4626940
4651628
4651254
4617177
4618620
4618646
4671752
4672416
4674660
4650250
4716366
4688619
4586382
4708586
4627483
4721361
4618793
4623298
4625511
4697112
4721901
4636465
4670378
4700614
4703094
4707931
4714652
4714678
4715204
4679443
4603349
4651792
4660823
4664798
4675904
4605474
4620148
4625580
4631745
4639964
4646644
4711083
4682203
4592707
4710108
4605809
4618791
4575171
4630580
4683682
4699404
4690657
4692194
4651334
4662885
4633294
4667529
4634220
4570790
4570743
4704460
4650977
4654175
4657551
4669634
4706228
4716057
4607581
4620561
4632490
4637751
4673090
4644743
4695264
4695271
4695027
4640241
4655096
4677093
4709333
4682994
4615078
4646161
4640123
4694933
4695254
4694981
4692198
4617314
4619832
4645720
4672724
4644562
4721081
4717982
4574648
4695704
4716991
4657714
4719134
4601233
4692176
4659405
4646837
4578910
4681834
4703028
4707879
4689343
4647759
4630663
4639957
4630116
4714659
4721734
4630536
4635095
4681149
4693673
4609458
4602685
4639685
4640660
4667456
4713063
4723386
4579793
4575915
4721098
4644938
4655745
4713164
4647364
4663230
4663714
4582528
4709734
4681705
4691136
4610881
4607543
4641749
4673590
4703263
4599653
4599684
4644372
4727536
4604844
4673317
4675169
4683696
4647114
4634737
4638116
4612900
4667516
4690024
4659516
4618197
4667854
4652030
4581472
4579774
4706926
4584073
4575033
4574565
4719973
4649941
4691387
4622177
4645567
4708824
4643473
4698644
4692249
4602376
4602379
4620136
4637655
4571129
4587444
4586868
4686354
4651778
4642398
4675495
4637148
4616892
4711647
4635905
4660099
4576256
4634533
4713800
4627016
4708604
4602201
4625386
4618815
4582694
4679515
4686137
4637278
4640848
4602304
4594990
4635132
4598275
4651166
4576234
